f #1f446b 0 m 22.1 -5.1 q 16.45 -10.75 8.5 -10.75 q 0.55 -10.75 -5.1 -5.1 q -10.75 0.55 -10.75 8.5 q -10.75 16.45 -5.1 22.1 q 0.55 27.75 8.5 27.75 q 16.45 27.75 22.1 22.1 q 27.75 16.45 27.75 8.5 q 27.75 0.55 22.1 -5.1 c f 0 0 s 2 #004a93 1 m 53 -53 q 75 -31 75 0 q 75 31 53 53 q 31 75 0 75 q -31 75 -53 53 q -75 31 -75 0 q -75 -31 -53 -53 q -31 -75 0 -75 q 31 -75 53 -53
f #000 0.003922 m 22 22 l 22 0 l 0 0 l 0 22 l 22 22 c
f #fff 1 m -439.15 -2.55 l -439.15 2.6 l 439.2 2.6 l 439.2 -2.55 l -439.15 -2.55 c
f #7fa4c9 1 m 1131.05 -0.55 l 1131.05 -2.55 l 0 -2.55 l 0 -0.55 l 1131.05 -0.55 c
f #e2574c 0 m 17.75 -17.75 q 10.4 -25.1 0 -25.1 q -10.4 -25.1 -17.75 -17.75 q -25.1 -10.4 -25.1 0 q -25.1 10.45 -17.75 17.75 q -10.4 25.1 0 25.1 q 10.4 25.1 17.75 17.75 q 25.1 10.4 25.1 0 q 25.1 -10.4 17.75 -17.75 c
f #e2574c 1 m 17.75 -17.75 q 10.4 -25.1 0 -25.1 q -10.4 -25.1 -17.75 -17.75 q -25.1 -10.4 -25.1 0 q -25.1 10.45 -17.75 17.75 q -10.4 25.1 0 25.1 q 10.4 25.1 17.75 17.75 q 25.1 10.4 25.1 0 q 25.1 -10.4 17.75 -17.75 m 0 -20.35 q 8.45 -20.35 14.4 -14.4 q 20.35 -8.45 20.4 0 q 20.4 8.45 14.4 14.45 q 8.45 20.4 0 20.4 q -8.45 20.4 -14.45 14.45 q -20.4 8.5 -20.4 0 q -20.4 -8.45 -14.45 -14.4 q -8.45 -20.35 0 -20.35 h c f #fff 1 m 14.4 -14.4 q 8.45 -20.35 0 -20.35 q -8.45 -20.35 -14.45 -14.4 q -20.4 -8.45 -20.4 0 q -20.4 8.5 -14.45 14.45 q -8.45 20.4 0 20.4 q 8.45 20.4 14.4 14.45 q 20.4 8.45 20.4 0 q 20.35 -8.45 14.4 -14.4 m -8.9 -4.45 q -9.35 -4.9 -9.35 -5.55 q -9.35 -6.2 -8.9 -6.65 l -6.65 -8.85 q -6.2 -9.35 -5.55 -9.35 q -4.9 -9.35 -4.45 -8.85 l 0 -4.45 l 4.4 -8.85 q 4.9 -9.35 5.55 -9.35 q 6.2 -9.35 6.65 -8.85 l 8.85 -6.65 q 9.3 -6.2 9.3 -5.55 q 9.3 -4.9 8.85 -4.45 l 4.4 0 l 8.9 4.45 q 9.35 4.95 9.35 5.6 q 9.35 6.25 8.9 6.7 l 6.65 8.9 q 6.2 9.35 5.55 9.35 q 4.9 9.35 4.45 8.9 l 0 4.45 l -4.45 8.85 q -4.9 9.35 -5.55 9.35 q -6.2 9.35 -6.65 8.85 l -8.9 6.65 q -9.35 6.2 -9.35 5.55 q -9.35 4.9 -8.9 4.45 l -4.45 0 l -8.9 -4.45 h c f #e2574c 1 m -9.35 -5.55 q -9.35 -4.9 -8.9 -4.45 l -4.45 0 l -8.9 4.45 q -9.35 4.9 -9.35 5.55 q -9.35 6.2 -8.9 6.65 l -6.65 8.85 q -6.2 9.35 -5.55 9.35 q -4.9 9.35 -4.45 8.85 l 0 4.45 l 4.45 8.9 q 4.9 9.35 5.55 9.35 q 6.2 9.35 6.65 8.9 l 8.9 6.7 q 9.35 6.25 9.35 5.6 q 9.35 4.95 8.9 4.45 l 4.4 0 l 8.85 -4.45 q 9.3 -4.9 9.3 -5.55 q 9.3 -6.2 8.85 -6.65 l 6.65 -8.85 q 6.2 -9.35 5.55 -9.35 q 4.9 -9.35 4.4 -8.85 l 0 -4.45 l -4.45 -8.85 q -4.9 -9.35 -5.55 -9.35 q -6.2 -9.35 -6.65 -8.85 l -8.9 -6.65 q -9.35 -6.2 -9.35 -5.55 c
f #004a93 1 m 815.35 868.7 q 815.35 879.6 823.1 887.35 q 830.85 895.15 841.8 895.15 q 852.75 895.15 860.5 887.35 q 868.25 879.6 868.25 868.7 q 868.25 857.75 860.5 849.95 q 852.75 842.25 841.8 842.25 q 830.85 842.25 823.1 849.95 q 815.35 857.75 815.35 868.7 m 824.8 885.45 q 817.9 878.55 817.9 868.65 q 817.9 858.8 824.8 851.8 q 831.85 844.85 841.7 844.85 q 851.6 844.85 858.5 851.8 q 865.45 858.8 865.45 868.65 q 865.45 878.55 858.5 885.45 q 851.6 892.45 841.7 892.45 q 831.85 892.45 824.8 885.45 h c f #f3f3f3 1 m 817.9 868.65 q 817.9 878.55 824.8 885.45 q 831.85 892.45 841.7 892.45 q 851.6 892.45 858.5 885.45 q 865.45 878.55 865.45 868.65 q 865.45 858.8 858.5 851.8 q 851.6 844.85 841.7 844.85 q 831.85 844.85 824.8 851.8 q 817.9 858.8 817.9 868.65 c
f #424a60 1 m 47.1 524.7 q 46.55 524.7 46.1 525.1 q 45.7 525.5 45.7 526.1 l 45.7 528.85 q 45.7 529.4 46.1 529.8 q 46.55 530.2 47.1 530.2 q 47.7 530.2 48.15 529.8 q 48.55 529.4 48.55 528.85 l 48.55 526.1 q 48.55 525.5 48.15 525.1 q 47.7 524.7 47.1 524.7 c
f #b1bec9 1 m 47.15 537.35 l 47.15 519.95 l 39 519.95 q 38.6 519.95 38.3 520.25 q 38 520.55 38 520.95 l 38 536.35 q 38 536.75 38.3 537.05 q 38.6 537.35 39 537.35 l 47.15 537.35 c
f #6e7a85 1 m 47.1 519.95 l 47.1 537.35 l 55.2 537.35 q 55.6 537.35 55.9 537.05 q 56.2 536.75 56.2 536.35 l 56.2 520.95 q 56.2 520.55 55.9 520.25 q 55.6 519.95 55.2 519.95 l 47.1 519.95 c
f 0 0 s 2 #d8a852 1 m 51.8 522.15 l 51.8 516.85 q 51.65 514.95 50.25 513.75 q 48.85 512.55 47 512.65 q 45.15 512.55 43.75 513.75 q 42.35 515 42.25 516.85
f 0 0 s 2 #d8a852 1 m 51.75 516.85 q 51.65 515 50.25 513.75 q 48.85 512.55 47 512.6 q 45.1 512.55 43.7 513.75 q 42.3 515 42.2 516.85 l 42.2 522.15
f #004a93 1 m 80.3 37.9 q 80.3 20.35 67.85 7.85 q 55.45 -4.5 37.9 -4.5 q 20.35 -4.5 7.9 7.85 q -4.5 20.35 -4.5 37.9 q -4.5 55.4 7.9 67.8 q 20.35 80.3 37.9 80.3 q 55.45 80.3 67.85 67.8 q 80.3 55.4 80.3 37.9 m 64.7 10.8 q 75.85 22.05 75.85 37.85 q 75.85 53.7 64.7 64.8 q 53.6 75.95 37.75 75.95 q 21.95 75.95 10.7 64.8 q -0.4 53.7 -0.4 37.85 q -0.4 22.05 10.7 10.8 q 21.95 -0.3 37.75 -0.3 q 53.6 -0.3 64.7 10.8 h c
f #000 1 m 22 0 l 0 0 l 0 22 l 22 22 l 22 0 c
f 0 0 s 1 #f00 1 m -0.35 0.6 l 126.45 0.6 l 126.45 39.65 l -0.35 39.65 l -0.35 0.6
f #1f446b 0 m 18.65 -7.9 q 14.15 -10.75 8.5 -10.75 q 0.55 -10.75 -5.1 -5.1 q -8.5 -1.75 -9.85 2.5 q -10.75 5.3 -10.75 8.5 q -10.75 14.15 -7.9 18.65 q -4.25 20.2 0 20.2 q 8.35 20.2 14.3 14.3 q 18.8 9.75 19.9 3.85 q 20.2 2 20.2 0 q 20.2 -4.25 18.65 -7.9 c f #1f446b 0 m 22.1 -5.1 q 20.45 -6.75 18.65 -7.9 q 20.2 -4.25 20.2 0 q 20.2 2 19.9 3.85 q 18.8 9.75 14.3 14.3 q 8.35 20.2 0 20.2 q -4.25 20.2 -7.9 18.65 q -6.75 20.45 -5.1 22.1 q -2.4 24.8 0.85 26.2 q 4.35 27.75 8.5 27.75 q 14.9 27.75 19.85 24.05 q 21 23.15 22.1 22.1 q 27.75 16.45 27.75 8.5 q 27.75 4.35 26.2 0.85 q 24.8 -2.4 22.1 -5.1 c f 0 0 s 2 #fff 1 m -7.9 18.65 q -11.4 17.15 -14.3 14.3 q -17.95 10.6 -19.35 6.05 q -20.2 3.2 -20.2 0 q -20.2 -8.35 -14.3 -14.3 q -12.2 -16.35 -9.85 -17.7 q -5.45 -20.2 0 -20.2 q 3.2 -20.2 6.05 -19.35 q 10.6 -17.95 14.3 -14.3 q 17.15 -11.4 18.65 -7.9 f 0 0 s 2 #fff 1 m -7.9 18.65 q -4.25 20.2 0 20.2 q 8.35 20.2 14.3 14.3 q 18.8 9.75 19.9 3.85 q 20.2 2 20.2 0 q 20.2 -4.25 18.65 -7.9
f #fff 1 m 5.05 -5.1 q 3 -7.2 0 -7.2 q -3 -7.2 -5.1 -5.1 q -7.2 -3 -7.2 0 q -7.2 3 -5.1 5.05 q -3 7.2 0 7.2 q 3 7.2 5.05 5.05 q 7.2 3 7.2 0 q 7.2 -3 5.05 -5.1 c
f #85a9d7 1 m 52.5 -52.5 q 30.75 -74.25 0 -74.25 q -30.7 -74.25 -52.5 -52.5 q -74.25 -30.75 -74.25 0 q -74.25 30.75 -52.5 52.5 q -30.7 74.25 0 74.25 q 30.75 74.25 52.5 52.5 q 74.3 30.75 74.3 0 q 74.3 -30.75 52.5 -52.5 m 0 -71.2 q 29.5 -71.2 50.35 -50.35 q 71.25 -29.5 71.25 0 q 71.25 29.5 50.35 50.35 q 29.5 71.2 0 71.2 q -29.45 71.2 -50.35 50.35 q -71.2 29.5 -71.2 0 q -71.2 -29.5 -50.35 -50.35 q -29.45 -71.2 0 -71.2 h c f #7291b8 1 m 50.35 -50.35 q 29.5 -71.2 0 -71.2 q -29.45 -71.2 -50.35 -50.35 q -71.2 -29.5 -71.2 0 q -71.2 29.5 -50.35 50.35 q -29.45 71.2 0 71.2 q 29.5 71.2 50.35 50.35 q 71.25 29.5 71.25 0 q 71.25 -29.5 50.35 -50.35 m 0 -63.9 q 26.45 -63.9 45.2 -45.15 q 63.95 -26.45 63.95 0 q 63.95 26.5 45.2 45.2 q 26.45 63.95 0 63.95 q -26.4 63.95 -45.2 45.2 q -63.9 26.5 -63.9 0 q -63.9 -26.45 -45.2 -45.15 q -26.4 -63.9 0 -63.9 h c f #00497a 0.164706 m 45.2 -45.15 q 26.45 -63.9 0 -63.9 q -26.4 -63.9 -45.2 -45.15 q -63.9 -26.45 -63.9 0 q -63.9 26.5 -45.2 45.2 q -26.4 63.95 0 63.95 q 26.45 63.95 45.2 45.2 q 63.95 26.5 63.95 0 q 63.95 -26.45 45.2 -45.15 c
f #876565 1 m 5.4 172.2 q 7.65 170 7.65 166.85 l 7.65 84.65 q 0 87.95 -7.6 84.65 l -7.6 166.85 q -7.6 170 -5.4 172.2 q -3.15 174.45 0 174.45 l 0.05 174.45 q 3.2 174.45 5.4 172.2 c f #644b4b 1 m 7.65 84.65 l 7.65 82.05 q 0 85 -7.6 82.05 l -7.6 84.65 q 0 87.95 7.65 84.65 c f #ff0 1 m 7.65 69 q 7.65 68.25 7.5 67.6 l -7.5 67.6 q -7.6 68.25 -7.6 69 l -7.6 82.05 q 0 85 7.65 82.05 l 7.65 69 c
f #003558 1 m 5.05 -5.1 q 3 -7.2 0 -7.2 q -3 -7.2 -5.1 -5.1 q -7.2 -3 -7.2 0 q -7.2 3 -5.1 5.05 q -3 7.2 0 7.2 q 3 7.2 5.05 5.05 q 7.2 3 7.2 0 q 7.2 -3 5.05 -5.1 c
f #52a0e9 1 m 17.7 15.7 q 19.25 13.15 20.1 10.65 q 20.8 8.65 20.05 7.05 l 14.7 7.05 l 14.7 0 l 0 14.65 l 14.7 29.35 l 14.7 22.1 l 15.9 22.1 q 16.2 18.1 17.7 15.7 c f #99bde8 1 m 27.6 22.1 l 27.6 7.05 l 20.05 7.05 q 20.8 8.65 20.1 10.65 q 19.25 13.15 17.7 15.7 q 16.2 18.1 15.9 22.1 l 27.6 22.1 c f 0 0 s 1 #2250ab 1 m 15.9 22.1 l 27.6 22.1 l 27.6 7.05 l 20.05 7.05 f 0 0 s 1 #2250ab 1 m 15.9 22.1 l 14.7 22.1 l 14.7 29.35 l 0 14.65 l 14.7 0 l 14.7 7.05 l 20.05 7.05
f #999 1 m 28.45 7.2 q 28.3 7.05 28.1 7.05 l 15.7 7.05 l 15.7 0.5 q 15.7 0.3 15.55 0.15 q 15.4 0 15.2 0 q 15 0 14.85 0.15 l 0.15 14.8 q 0 14.95 0 15.15 q 0 15.35 0.15 15.5 l 14.85 30.2 q 15 30.35 15.2 30.35 q 15.4 30.35 15.55 30.2 q 15.7 30.05 15.7 29.85 l 15.7 23.1 l 28.1 23.1 q 28.3 23.1 28.45 22.95 q 28.6 22.8 28.6 22.6 l 28.6 7.55 q 28.6 7.35 28.45 7.2 c
f #004a93 0 m 390 -3.8 l 390 -0.8 l 424 -0.8 l 424 -3.8 l 390 -3.8 c f #004a93 0 m 22 -0.8 l 22 -3.8 l 0 -3.8 l 0 -0.8 l 22 -0.8 c f #004a93 1 m 22 -3.8 l 22 -0.8 l 390 -0.8 l 390 -3.8 l 22 -3.8 c
f #9f9 1 m 778.25 756.45 l 778.25 710.3 l 555.3 710.3 l 555.3 756.45 l 778.25 756.45 c f 0 0 s 3 #a54848 1 m 555.3 710.3 l 778.25 710.3 l 778.25 756.45 l 555.3 756.45 l 555.3 710.3
f #a54848 1 m 759.45 727.9 l 759.45 747.65 l 776.4 737.6 l 759.45 727.9 c
f 0 0 s 3 #a54848 1 m -194.7 -1.05 l 91.5 -1.05
f #165879 1 m 5.05 -5.1 q 3 -7.2 0 -7.2 q -3 -7.2 -5.1 -5.1 q -7.2 -3 -7.2 0 q -7.2 3 -5.1 5.05 q -3 7.2 0 7.2 q 3 7.2 5.05 5.05 q 7.2 3 7.2 0 q 7.2 -3 5.05 -5.1 c
f #033 0.658824 m 0 0 l 0 21.9 l 21.95 21.9 l 21.95 0 l 0 0 c
f #fff 1 m 62.25 23.35 q 59.75 21.45 55.55 21.45 l 18.8 21.45 l 18.8 29.95 l 21.9 29.95 q 27.8 29.95 27.8 34.4 q 27.8 35.8 27.4 37.45 q 27 38.9 25.85 42.35 l 0 119.85 l 23.95 119.85 l 31.05 96.15 l 59.1 96.15 l 65.75 119.85 l 91.7 119.85 l 65.9 29.25 q 64.8 25.25 62.25 23.35 m 45.8 43.85 l 55.55 80 l 34.7 80 l 45.8 43.85 h c f #fff 1 m 97.2 31.25 q 98.5 32.55 98.5 35.45 l 98.5 119.85 l 121.65 119.85 l 121.65 28.95 q 121.65 25.45 119.7 23.45 q 117.7 21.45 114.25 21.45 l 91.55 21.45 l 91.55 29.95 l 93.05 29.95 q 95.9 29.95 97.2 31.25 c f #fff 1 m 136.55 31.25 q 137.85 32.55 137.85 35.45 l 137.85 119.85 l 161.05 119.85 l 161.05 28.95 q 161.05 25.45 159.1 23.45 q 157.1 21.45 153.65 21.45 l 130.95 21.45 l 130.95 29.95 l 132.4 29.95 q 135.25 29.95 136.55 31.25 c f #fff 1 m 199.05 48.1 q 197.05 46.1 193.6 46.1 l 171.2 46.1 l 171.2 54.45 l 172.5 54.45 q 175.35 54.45 176.65 55.85 q 177.95 57.2 177.95 60.1 l 177.95 119.85 l 201 119.85 l 201 53.6 q 201 50.1 199.05 48.1 c f #fff 1 m 197.95 22.65 q 194.45 19.8 188.15 19.8 q 181.95 19.8 178.45 22.65 q 174.9 25.45 174.9 30.4 q 174.9 35.4 178.45 38.25 q 181.95 41.05 188.15 41.05 q 194.45 41.05 197.95 38.25 q 201.45 35.45 201.45 30.4 q 201.45 25.45 197.95 22.65 c f #fff 1 m 274.05 70.3 q 274.05 56.25 268.45 50.6 q 262.85 45 248.8 45 q 240.4 45 231.1 47.1 q 226.9 48.1 223.7 49.3 q 220.8 50.4 215.45 53 l 220.6 67.2 q 226.25 64.45 232.35 62.95 q 238.3 61.45 243.3 61.45 q 248 61.45 249.85 63.35 q 251.75 65.25 251.75 70.1 l 251.75 71.75 q 241.55 73.35 234.05 75.05 q 229.35 76.1 225.3 77.85 q 218.35 80.6 214.95 86.05 q 211.6 91.5 211.6 99.8 q 211.6 110.35 216.2 115.45 q 220.8 120.6 230.2 120.6 q 236.8 120.6 242.6 118.25 q 245.05 117.15 247 115.95 q 248.95 114.7 252.5 111.95 l 252.5 113 q 252.5 119.85 259.45 119.85 l 280.55 119.85 l 280.55 111.95 l 279.5 111.95 q 276.5 111.95 275.3 110.45 q 274.05 109 274.05 105.4 l 274.05 70.3 m 251.75 84.45 l 251.75 98.75 q 248.9 101.75 245.55 103.45 q 242.2 105.15 239.2 105.15 q 236.15 105.15 234.85 103.45 q 233.6 101.7 233.6 97.55 q 233.6 93.4 234.7 91.35 q 235.85 89.25 238.9 88.05 q 243.55 85.95 251.75 84.45 h c f #fff 1 m 337.15 45.2 q 330.4 45.2 325.05 47.6 q 319.7 50 313.3 55.95 l 313.3 53 q 313.3 46.1 306.2 46.1 l 284.35 46.1 l 284.35 54.45 l 285.65 54.45 q 288.5 54.45 289.8 55.85 q 291.1 57.2 291.1 60.1 l 291.1 119.85 l 314.15 119.85 l 314.15 70 q 319.75 63.75 326.55 63.75 q 330.2 63.75 331.4 65.65 q 332.6 67.55 332.6 73.15 l 332.6 119.85 l 355.6 119.85 l 355.6 69.7 q 355.6 60.9 354.75 57.15 q 353.85 53.35 351.1 50.35 q 346.4 45.2 337.15 45.2 c f #fff 1 m 422.5 61.3 l 422.5 46.1 l 374.35 46.1 q 370.25 46.1 368.35 48 q 366.4 49.95 366.4 54.05 l 366.4 67.45 l 375 67.45 l 375 66.15 q 375 61.1 380.4 61.1 l 396.95 61.1 l 365.95 104.7 l 365.95 119.85 l 423.95 119.85 l 423.95 104.4 l 391.8 104.4 l 422.5 61.3 c f #fff 1 m 609.5 75.75 l 609.5 75.4 q 609.45 43.05 587.9 21.55 q 566.35 0.05 534 0 l 533.8 0 q 501.4 0.05 479.85 21.6 q 458.3 43.2 458.3 75.6 q 458.3 108.05 479.9 129.6 q 501.45 151.15 533.95 151.15 q 566.35 151.15 587.9 129.65 q 609.45 108.15 609.5 75.75 m 578.9 30.15 q 596.65 48.1 596.65 75.6 q 596.65 103.15 578.9 121.15 q 561.15 139.1 533.95 139.1 q 506.7 139.1 488.9 121.15 q 471.15 103.15 471.15 75.6 q 471.15 48 488.9 30.05 q 506.7 12.1 533.95 12.1 q 561.15 12.1 578.9 30.15 h c f #fff 1 m 500.55 44.15 q 495.75 44.15 493.75 46.15 q 491.7 48.15 491.7 53 l 491.7 117.95 l 513.4 117.95 l 513.4 44.15 l 500.55 44.15 c f #fff 1 m 542.85 27.65 q 540.9 25.7 536 25.7 l 516.5 25.7 l 516.5 35 l 517.65 35 q 521.05 35 522 36.15 q 523 37.35 523 41.35 l 523 117.95 l 544.85 117.95 l 544.85 34.55 q 544.85 29.6 542.85 27.65 c f #fff 1 m 574.1 46.15 q 572.05 44.15 567.25 44.15 l 554.45 44.15 l 554.45 117.95 l 576.15 117.95 l 576.15 53 q 576.15 48.15 574.1 46.15 c
f #003781 1 m 1316.3 432.1 l 1316.3 314.25 l 604.95 314.25 l 604.95 432.1 l 1316.3 432.1 c
f #014a93 1 m 594 60.85 l 594 0 l 0 0 l 0 60.85 l 594 60.85 c
f #1f446b 0 m 18 -4.2 q 13.4 -8.8 6.9 -8.8 q 0.45 -8.8 -4.15 -4.2 q -8.75 0.4 -8.75 6.9 q -8.75 13.4 -4.15 18 q 0.45 22.6 6.9 22.6 q 13.4 22.6 18 18 q 22.6 13.4 22.6 6.9 q 22.6 0.4 18 -4.2 c f 0 0 s 2 #004a93 1 m 43.15 -43.2 q 61.1 -25.25 61.1 0 q 61.1 25.25 43.15 43.15 q 25.25 61.05 0 61.05 q -25.25 61.05 -43.15 43.15 q -61.1 25.25 -61.1 0 q -61.1 -25.25 -43.15 -43.2 q -25.25 -61.1 0 -61.1 q 25.25 -61.1 43.15 -43.2
f 0 0 s 1 #00a344 1 m -4583.8 965.1 l -4578.55 965.1 f 0 0 s 1 #00a344 1 m -4578.55 1758.1 l -4583.8 1758.1
f #eff7f9 1 m 69.75 14.2 q 58.05 2.5 41.5 2.5 q 24.95 2.5 13.2 14.2 q 1.5 25.95 1.5 42.5 q 1.5 59.05 13.2 70.75 q 24.95 82.5 41.5 82.5 q 58.05 82.5 69.75 70.75 q 81.5 59.05 81.5 42.5 q 81.5 25.95 69.75 14.2 c f 0 0 s 1 #eff7f9 1 m 81.5 42.5 q 81.5 59.05 69.75 70.75 q 58.05 82.5 41.5 82.5 q 24.95 82.5 13.2 70.75 q 1.5 59.05 1.5 42.5 q 1.5 25.95 13.2 14.2 q 24.95 2.5 41.5 2.5 q 58.05 2.5 69.75 14.2 q 81.5 25.95 81.5 42.5